[
    2200,
    1000,
    2199.8840616476573,
    1016.6804857219781,
    2199.5362689934645,
    1033.3577482639048,
    2198.9566892416015,
    1050.0285650685455,
    2198.1454343846035,
    1066.6897148241794,
    2197.1026611817224,
    1083.337978087055,
    2195.828571128637,
    1099.9701379034857,
    2194.3234104185167,
    1116.582980431463,
    2192.5874698944494,
    1133.1732955616696,
    2190.6210849932413,
    1149.7378775377704,
    2188.4246356806025,
    1166.2735255758628,
    2185.998546377723,
    1182.777044482966,
    2183.3432858792635,
    1199.24524527443,
    2180.4593672627693,
    1215.6749457901456,
    2177.3473477895286,
    1232.0629713094336,
    2174.0078287968913,
    1248.406155164499,
    2170.4414555820736,
    1264.7013393523287,
    2166.6489172774664,
    1280.9453751449128,
    2162.6309467174724,
    1297.1351236976755,
    2158.388320296904,
    1313.2674566559972,
    2153.9218578209548,
    1329.3392567597068,
    2149.232422346792,
    1345.3474184454321,
    2144.3209200167867,
    1361.2888484466903,
    2139.188299883417,
    1377.1604663916005,
    2133.8355537258867,
    1392.9592053981069,
    2128.263715858479,
    1408.6820126665934,
    2122.473862930696,
    1424.325850069779,
    2116.46711371922,
    1439.8876947397753,
    2110.2446289117283,
    1455.3645396521983,
    2103.807610882614,
    1470.753394207217,
    2097.1573034606513,
    1486.0512848074288,
    2090.294991688648,
    1501.2552554324495,
    2083.222001575139,
    1516.3623682101068,
    2075.9396998381562,
    1531.3697039841272,
    2068.4494936411406,
    1546.2743628782066,
    2060.7528303210347,
    1561.0734648563537,
    2052.851197108612,
    1575.764150279403,
    2044.7461208410973,
    1590.3435804575834,
    2036.4391676671382,
    1604.8089381990399,
    2027.9319427441742,
    1619.157428354201,
    2019.2260899282733,
    1633.3862783558889,
    2010.323291456487,
    1647.4927387550615,
    2001.2252676217927,
    1661.4740837520922,
    1991.9337764406782,
    1675.3276117234766,
    1982.450613313441,
    1689.0506457438696,
    1972.7776106772608,
    1702.6405341033492,
    1962.9166376521175,
    1716.0946508198067,
    1952.8695996796196,
    1729.410396146368,
    1942.6384381548141,
    1742.5851970737447,
    1932.225130051051,
    1755.6165078274169,
    1921.6316875379705,
    1768.5018103595544,
    1910.8601575926896,
    1781.2386148355831,
    1899.9126216042657,
    1793.8244601152937,
    1888.7911949715062,
    1806.2569142284128,
    1877.4980266942102,
    1818.533574844531,
    1866.0352989579164,
    1830.6520697373073,
    1854.4052267122356,
    1842.6100572428586,
    1842.6100572428586,
    1854.4052267122356,
    1830.6520697373073,
    1866.0352989579162,
    1818.5335748445307,
    1877.4980266942102,
    1806.2569142284128,
    1888.7911949715062,
    1793.824460115294,
    1899.9126216042655,
    1781.2386148355831,
    1910.8601575926896,
    1768.5018103595544,
    1921.6316875379705,
    1755.6165078274169,
    1932.225130051051,
    1742.585197073745,
    1942.6384381548141,
    1729.4103961463682,
    1952.8695996796196,
    1716.0946508198067,
    1962.9166376521175,
    1702.6405341033492,
    1972.7776106772608,
    1689.0506457438698,
    1982.4506133134407,
    1675.3276117234768,
    1991.9337764406782,
    1661.4740837520922,
    2001.2252676217927,
    1647.4927387550615,
    2010.323291456487,
    1633.3862783558889,
    2019.2260899282733,
    1619.1574283542013,
    2027.9319427441742,
    1604.8089381990399,
    2036.439167667138,
    1590.3435804575834,
    2044.7461208410973,
    1575.764150279403,
    2052.851197108612,
    1561.073464856354,
    2060.7528303210347,
    1546.2743628782068,
    2068.44949364114,
    1531.3697039841277,
    2075.939699838156,
    1516.3623682101068,
    2083.222001575139,
    1501.2552554324495,
    2090.294991688648,
    1486.0512848074288,
    2097.1573034606513,
    1470.753394207217,
    2103.807610882614,
    1455.3645396521986,
    2110.2446289117283,
    1439.8876947397755,
    2116.46711371922,
    1424.325850069779,
    2122.473862930696,
    1408.6820126665937,
    2128.263715858479,
    1392.9592053981069,
    2133.8355537258867,
    1377.1604663916003,
    2139.188299883417,
    1361.2888484466903,
    2144.3209200167867,
    1345.3474184454321,
    2149.232422346792,
    1329.3392567597068,
    2153.9218578209548,
    1313.2674566559972,
    2158.388320296904,
    1297.1351236976757,
    2162.6309467174724,
    1280.9453751449128,
    2166.6489172774664,
    1264.701339352329,
    2170.4414555820736,
    1248.406155164499,
    2174.0078287968913,
    1232.0629713094336,
    2177.3473477895286,
    1215.6749457901456,
    2180.4593672627693,
    1199.2452452744305,
    2183.343285879263,
    1182.777044482966,
    2185.998546377723,
    1166.2735255758628,
    2188.4246356806025,
    1149.7378775377706,
    2190.6210849932413,
    1133.1732955616696,
    2192.5874698944494,
    1116.582980431463,
    2194.3234104185167,
    1099.9701379034857,
    2195.828571128637,
    1083.337978087055,
    2197.1026611817224,
    1066.6897148241796,
    2198.1454343846035,
    1050.0285650685457,
    2198.9566892416015,
    1033.3577482639048,
    2199.5362689934645,
    1016.6804857219782,
    2199.8840616476573,
    1000,
    2200,
    983.3195142780218,
    2199.8840616476573,
    966.6422517360951,
    2199.5362689934645,
    949.9714349314542,
    2198.9566892416015,
    933.3102851758204,
    2198.1454343846035,
    916.662021912945,
    2197.1026611817224,
    900.0298620965144,
    2195.828571128637,
    883.4170195685368,
    2194.3234104185167,
    866.8267044383304,
    2192.5874698944494,
    850.2621224622295,
    2190.6210849932413,
    833.7264744241371,
    2188.4246356806025,
    817.2229555170339,
    2185.998546377723,
    800.7547547255696,
    2183.343285879263,
    784.3250542098544,
    2180.4593672627693,
    767.9370286905665,
    2177.3473477895286,
    751.5938448355009,
    2174.0078287968913,
    735.2986606476711,
    2170.4414555820736,
    719.0546248550872,
    2166.6489172774664,
    702.8648763023243,
    2162.6309467174724,
    686.7325433440027,
    2158.388320296904,
    670.6607432402932,
    2153.9218578209548,
    654.6525815545679,
    2149.232422346792,
    638.7111515533097,
    2144.3209200167867,
    622.8395336083997,
    2139.188299883417,
    607.0407946018931,
    2133.8355537258867,
    591.3179873334063,
    2128.263715858479,
    575.6741499302209,
    2122.473862930696,
    560.1123052602245,
    2116.46711371922,
    544.6354603478014,
    2110.2446289117283,
    529.2466057927829,
    2103.807610882614,
    513.9487151925712,
    2097.1573034606513,
    498.74474456755047,
    2090.294991688648,
    483.63763178989325,
    2083.222001575139,
    468.63029601587243,
    2075.939699838156,
    453.7256371217933,
    2068.44949364114,
    438.9265351436461,
    2060.7528303210347,
    424.2358497205968,
    2052.851197108612,
    409.65641954241653,
    2044.7461208410973,
    395.19106180096014,
    2036.439167667138,
    380.8425716457988,
    2027.9319427441742,
    366.61372164411114,
    2019.2260899282733,
    352.5072612449386,
    2010.323291456487,
    338.52591624790784,
    2001.2252676217927,
    324.6723882765233,
    1991.9337764406782,
    310.94935425613016,
    1982.4506133134407,
    297.3594658966508,
    1972.7776106772608,
    283.9053491801934,
    1962.9166376521175,
    270.58960385363184,
    1952.8695996796196,
    257.4148029262551,
    1942.6384381548141,
    244.38349217258315,
    1932.225130051051,
    231.4981896404455,
    1921.6316875379705,
    218.761385164417,
    1910.8601575926896,
    206.17553988470604,
    1899.9126216042655,
    193.7430857715873,
    1888.7911949715062,
    181.46642515546932,
    1877.4980266942102,
    169.34793026269267,
    1866.0352989579162,
    157.3899427571415,
    1854.4052267122356,
    145.59477328776427,
    1842.6100572428586,
    133.96470104208356,
    1830.6520697373073,
    122.50197330578976,
    1818.533574844531,
    111.20880502849377,
    1806.2569142284128,
    100.08737839573428,
    1793.8244601152937,
    89.13984240731031,
    1781.2386148355831,
    78.36831246202951,
    1768.5018103595544,
    67.77486994894878,
    1755.6165078274169,
    57.36156184518575,
    1742.5851970737447,
    47.13040032038043,
    1729.410396146368,
    37.083362347882485,
    1716.0946508198067,
    27.222389322739332,
    1702.6405341033492,
    17.54938668655916,
    1689.0506457438696,
    8.066223559321884,
    1675.3276117234766,
    -1.225267621792682,
    1661.4740837520922,
    -10.323291456487027,
    1647.4927387550615,
    -19.226089928273154,
    1633.3862783558889,
    -27.931942744174194,
    1619.157428354201,
    -36.439167667138236,
    1604.8089381990399,
    -44.74612084109731,
    1590.3435804575834,
    -52.851197108611814,
    1575.764150279403,
    -60.752830321034935,
    1561.0734648563537,
    -68.44949364114063,
    1546.2743628782066,
    -75.939699838156,
    1531.3697039841272,
    -83.22200157513885,
    1516.3623682101068,
    -90.29499168864822,
    1501.2552554324495,
    -97.15730346065129,
    1486.0512848074288,
    -103.80761088261397,
    1470.753394207217,
    -110.24462891172834,
    1455.3645396521983,
    -116.46711371922015,
    1439.8876947397753,
    -122.47386293069621,
    1424.325850069779,
    -128.26371585847892,
    1408.6820126665934,
    -133.83555372588694,
    1392.9592053981069,
    -139.18829988341736,
    1377.1604663916005,
    -144.32092001678643,
    1361.2888484466903,
    -149.2324223467922,
    1345.3474184454321,
    -153.92185782095476,
    1329.3392567597068,
    -158.3883202969041,
    1313.2674566559972,
    -162.63094671747263,
    1297.1351236976755,
    -166.64891727746635,
    1280.9453751449128,
    -170.44145558207356,
    1264.7013393523287,
    -174.00782879689132,
    1248.406155164499,
    -177.3473477895286,
    1232.0629713094336,
    -180.45936726276932,
    1215.6749457901456,
    -183.34328587926348,
    1199.24524527443,
    -185.99854637772296,
    1182.777044482966,
    -188.42463568060248,
    1166.2735255758628,
    -190.62108499324154,
    1149.7378775377704,
    -192.58746989444944,
    1133.1732955616696,
    -194.32341041851691,
    1116.582980431463,
    -195.82857112863712,
    1099.9701379034857,
    -197.1026611817224,
    1083.337978087055,
    -198.14543438460328,
    1066.6897148241794,
    -198.95668924160145,
    1050.0285650685455,
    -199.53626899346477,
    1033.3577482639048,
    -199.8840616476573,
    1016.6804857219781,
    -200,
    1000,
    -199.8840616476573,
    983.3195142780219,
    -199.53626899346477,
    966.6422517360952,
    -198.95668924160145,
    949.9714349314545,
    -198.14543438460328,
    933.3102851758206,
    -197.1026611817224,
    916.662021912945,
    -195.82857112863712,
    900.0298620965143,
    -194.32341041851691,
    883.417019568537,
    -192.58746989444944,
    866.8267044383304,
    -190.62108499324154,
    850.2621224622296,
    -188.42463568060248,
    833.7264744241372,
    -185.99854637772296,
    817.222955517034,
    -183.34328587926348,
    800.7547547255698,
    -180.45936726276932,
    784.3250542098543,
    -177.3473477895286,
    767.9370286905664,
    -174.00782879689132,
    751.5938448355008,
    -170.44145558207356,
    735.2986606476713,
    -166.64891727746635,
    719.0546248550874,
    -162.63094671747263,
    702.8648763023245,
    -158.3883202969041,
    686.7325433440028,
    -153.92185782095476,
    670.6607432402932,
    -149.2324223467922,
    654.6525815545679,
    -144.32092001678643,
    638.7111515533097,
    -139.18829988341736,
    622.8395336083996,
    -133.83555372588694,
    607.0407946018933,
    -128.26371585847892,
    591.3179873334066,
    -122.47386293069621,
    575.6741499302209,
    -116.46711371922015,
    560.1123052602246,
    -110.24462891172834,
    544.6354603478017,
    -103.80761088261397,
    529.2466057927829,
    -97.15730346065129,
    513.9487151925712,
    -90.29499168864822,
    498.74474456755047,
    -83.22200157513885,
    483.63763178989325,
    -75.939699838156,
    468.63029601587266,
    -68.44949364114063,
    453.7256371217934,
    -60.752830321034935,
    438.92653514364633,
    -52.851197108611814,
    424.2358497205969,
    -44.74612084109731,
    409.65641954241653,
    -36.439167667138236,
    395.19106180096026,
    -27.931942744174194,
    380.8425716457989,
    -19.226089928273154,
    366.61372164411114,
    -10.323291456487027,
    352.5072612449386,
    -1.225267621792682,
    338.52591624790796,
    8.066223559321884,
    324.6723882765234,
    17.54938668655916,
    310.9493542561303,
    27.222389322739332,
    297.3594658966508,
    37.083362347882485,
    283.9053491801934,
    47.13040032038043,
    270.58960385363196,
    57.36156184518575,
    257.41480292625533,
    67.77486994894878,
    244.38349217258315,
    78.36831246202951,
    231.4981896404455,
    89.13984240731031,
    218.761385164417,
    100.08737839573428,
    206.17553988470615,
    111.20880502849377,
    193.7430857715873,
    122.50197330578976,
    181.4664251554692,
    133.96470104208356,
    169.34793026269267,
    145.59477328776427,
    157.3899427571415,
    157.3899427571415,
    145.59477328776438,
    169.34793026269267,
    133.9647010420838,
    181.46642515546932,
    122.50197330578965,
    193.7430857715873,
    111.20880502849388,
    206.17553988470604,
    100.08737839573439,
    218.761385164417,
    89.13984240731031,
    231.4981896404455,
    78.36831246202951,
    244.38349217258315,
    67.77486994894878,
    257.4148029262551,
    57.36156184518575,
    270.58960385363184,
    47.13040032038043,
    283.9053491801934,
    37.083362347882485,
    297.3594658966508,
    27.222389322739332,
    310.94935425613016,
    17.549386686559274,
    324.6723882765233,
    8.066223559321884,
    338.52591624790784,
    -1.2252676217925682,
    352.5072612449386,
    -10.323291456487027,
    366.61372164411114,
    -19.226089928273154,
    380.8425716457988,
    -27.931942744174194,
    395.19106180096014,
    -36.43916766713801,
    409.65641954241653,
    -44.74612084109731,
    424.2358497205968,
    -52.851197108611814,
    438.9265351436461,
    -60.75283032103471,
    453.7256371217933,
    -68.4494936411404,
    468.63029601587243,
    -75.93969983815578,
    483.63763178989325,
    -83.22200157513885,
    498.74474456755047,
    -90.29499168864822,
    513.9487151925712,
    -97.15730346065129,
    529.2466057927829,
    -103.80761088261397,
    544.6354603478014,
    -110.24462891172834,
    560.1123052602245,
    -116.46711371922015,
    575.6741499302209,
    -122.47386293069621,
    591.3179873334063,
    -128.26371585847892,
    607.0407946018931,
    -133.8355537258867,
    622.8395336083997,
    -139.18829988341736,
    638.7111515533097,
    -144.32092001678643,
    654.6525815545679,
    -149.2324223467922,
    670.6607432402932,
    -153.92185782095476,
    686.7325433440027,
    -158.3883202969041,
    702.8648763023243,
    -162.63094671747263,
    719.0546248550872,
    -166.64891727746635,
    735.2986606476711,
    -170.44145558207356,
    751.5938448355009,
    -174.00782879689132,
    767.9370286905665,
    -177.3473477895286,
    784.3250542098544,
    -180.45936726276932,
    800.7547547255696,
    -183.34328587926325,
    817.2229555170339,
    -185.99854637772296,
    833.7264744241371,
    -188.42463568060248,
    850.2621224622295,
    -190.62108499324154,
    866.8267044383304,
    -192.58746989444944,
    883.4170195685368,
    -194.32341041851691,
    900.0298620965144,
    -195.82857112863712,
    916.662021912945,
    -197.1026611817224,
    933.3102851758204,
    -198.14543438460328,
    949.9714349314542,
    -198.95668924160145,
    966.6422517360951,
    -199.53626899346477,
    983.3195142780218,
    -199.8840616476573,
    1000,
    -200,
    1016.6804857219782,
    -199.8840616476573,
    1033.3577482639048,
    -199.53626899346477,
    1050.0285650685457,
    -198.95668924160145,
    1066.6897148241796,
    -198.14543438460328,
    1083.337978087055,
    -197.1026611817224,
    1099.9701379034857,
    -195.82857112863712,
    1116.582980431463,
    -194.32341041851691,
    1133.1732955616696,
    -192.58746989444944,
    1149.7378775377706,
    -190.62108499324154,
    1166.2735255758628,
    -188.42463568060248,
    1182.777044482966,
    -185.99854637772296,
    1199.2452452744305,
    -183.34328587926325,
    1215.6749457901456,
    -180.45936726276932,
    1232.0629713094336,
    -177.3473477895286,
    1248.406155164499,
    -174.00782879689132,
    1264.701339352329,
    -170.44145558207356,
    1280.9453751449128,
    -166.64891727746635,
    1297.1351236976757,
    -162.63094671747263,
    1313.2674566559972,
    -158.3883202969041,
    1329.3392567597068,
    -153.92185782095476,
    1345.3474184454321,
    -149.2324223467922,
    1361.2888484466903,
    -144.32092001678643,
    1377.1604663916003,
    -139.18829988341736,
    1392.9592053981069,
    -133.8355537258867,
    1408.6820126665937,
    -128.26371585847892,
    1424.325850069779,
    -122.47386293069621,
    1439.8876947397755,
    -116.46711371922015,
    1455.3645396521986,
    -110.24462891172834,
    1470.753394207217,
    -103.80761088261397,
    1486.0512848074288,
    -97.15730346065129,
    1501.2552554324495,
    -90.29499168864822,
    1516.3623682101068,
    -83.22200157513885,
    1531.3697039841277,
    -75.93969983815578,
    1546.2743628782068,
    -68.4494936411404,
    1561.073464856354,
    -60.75283032103471,
    1575.764150279403,
    -52.851197108611814,
    1590.3435804575834,
    -44.74612084109731,
    1604.8089381990399,
    -36.43916766713801,
    1619.1574283542013,
    -27.931942744174194,
    1633.3862783558889,
    -19.226089928273154,
    1647.4927387550615,
    -10.323291456487027,
    1661.4740837520922,
    -1.2252676217925682,
    1675.3276117234768,
    8.066223559321884,
    1689.0506457438698,
    17.549386686559274,
    1702.6405341033492,
    27.222389322739332,
    1716.0946508198067,
    37.083362347882485,
    1729.4103961463682,
    47.13040032038043,
    1742.585197073745,
    57.36156184518575,
    1755.6165078274169,
    67.77486994894878,
    1768.5018103595544,
    78.36831246202951,
    1781.2386148355831,
    89.13984240731031,
    1793.824460115294,
    100.08737839573439,
    1806.2569142284128,
    111.20880502849388,
    1818.5335748445307,
    122.50197330578965,
    1830.6520697373073,
    133.9647010420838,
    1842.6100572428586,
    145.59477328776438,
    1854.4052267122356,
    157.3899427571415,
    1866.0352989579164,
    169.34793026269267,
    1877.4980266942102,
    181.4664251554692,
    1888.7911949715062,
    193.7430857715873,
    1899.9126216042657,
    206.17553988470615,
    1910.8601575926896,
    218.761385164417,
    1921.6316875379705,
    231.4981896404455,
    1932.225130051051,
    244.38349217258315,
    1942.6384381548141,
    257.41480292625533,
    1952.8695996796196,
    270.58960385363196,
    1962.9166376521175,
    283.9053491801934,
    1972.7776106772608,
    297.3594658966508,
    1982.450613313441,
    310.9493542561303,
    1991.9337764406782,
    324.6723882765234,
    2001.2252676217927,
    338.52591624790796,
    2010.323291456487,
    352.5072612449386,
    2019.2260899282733,
    366.61372164411114,
    2027.9319427441742,
    380.8425716457989,
    2036.4391676671382,
    395.19106180096026,
    2044.7461208410973,
    409.65641954241653,
    2052.851197108612,
    424.2358497205969,
    2060.7528303210347,
    438.92653514364633,
    2068.4494936411406,
    453.7256371217934,
    2075.9396998381562,
    468.63029601587266,
    2083.222001575139,
    483.63763178989325,
    2090.294991688648,
    498.74474456755047,
    2097.1573034606513,
    513.9487151925712,
    2103.807610882614,
    529.2466057927829,
    2110.2446289117283,
    544.6354603478017,
    2116.46711371922,
    560.1123052602246,
    2122.473862930696,
    575.6741499302209,
    2128.263715858479,
    591.3179873334066,
    2133.8355537258867,
    607.0407946018933,
    2139.188299883417,
    622.8395336083996,
    2144.3209200167867,
    638.7111515533097,
    2149.232422346792,
    654.6525815545679,
    2153.9218578209548,
    670.6607432402932,
    2158.388320296904,
    686.7325433440028,
    2162.6309467174724,
    702.8648763023245,
    2166.6489172774664,
    719.0546248550874,
    2170.4414555820736,
    735.2986606476713,
    2174.0078287968913,
    751.5938448355008,
    2177.3473477895286,
    767.9370286905664,
    2180.4593672627693,
    784.3250542098543,
    2183.3432858792635,
    800.7547547255698,
    2185.998546377723,
    817.222955517034,
    2188.4246356806025,
    833.7264744241372,
    2190.6210849932413,
    850.2621224622296,
    2192.5874698944494,
    866.8267044383304,
    2194.3234104185167,
    883.417019568537,
    2195.828571128637,
    900.0298620965143,
    2197.1026611817224,
    916.662021912945,
    2198.1454343846035,
    933.3102851758206,
    2198.9566892416015,
    949.9714349314545,
    2199.5362689934645,
    966.6422517360952,
    2199.8840616476573,
    983.3195142780219,
    1799.8833959754234,
    986.3415651400202,
    1799.5336178929392,
    972.6871118512257,
    1798.9507677163783,
    959.0406205441335,
    1798.1350153524313,
    945.4060693082632,
    1797.08659860112,
    931.7874327524833,
    1795.8058230864758,
    918.1886808463726,
    1794.293062167448,
    904.6137777629351,
    1792.5487568290646,
    891.0666807230027,
    1790.5734155538821,
    877.5513388416658,
    1788.3676141737574,
    864.0716919770666,
    1785.9319957019861,
    850.631669581891,
    1783.2672701458582,
    837.2351895578929,
    1780.3742142996848,
    823.8861571137875,
    1777.2536715183533,
    810.5884636268427,
    1773.9065514714812,
    797.3459855085036,
    1770.3338298782396,
    784.1625830743806,
    1766.536548222919,
    771.042099418927,
    1762.5158134513285,
    757.9883592951394,
    1758.2727976481087,
    745.0051679996034,
    1753.8087376950564,
    732.0963102632111,
    1749.1249349105633,
    719.2655491478746,
    1744.2227546702666,
    706.5166249495549,
    1739.1036260090295,
    693.8532541079283,
    1733.7690412043626,
    681.2791281230068,
    1728.2205553414096,
    668.7979124790293,
    1722.4597858596262,
    656.4132455759345,
    1716.4884120812771,
    644.1287376687326,
    1710.3081747219003,
    631.9479698150783,
    1703.920875382867,
    619.874492831357,
    1697.328376026201,
    607.9118262575862,
    1690.5325984317942,
    596.0634573314337,
    1683.5355236371909,
    584.3328399716531,
    1676.3391913600944,
    572.7233937712319,
    1668.9456994037687,
    561.238503000545,
    1661.3572030455086,
    549.8815156208069,
    1653.5759144083536,
    538.6557423081063,
    1645.6041018162325,
    527.5644554883113,
    1637.4440891327235,
    516.6108883831243,
    1629.098255083626,
    505.7982340675652,
    1620.569032563536,
    495.1296445391578,
    1611.858907926634,
    484.60822979909096,
    1602.970420261889,
    474.23705694562216,
    1593.9061606528853,
    464.0191492799868,
    1584.6687714224993,
    453.9574854250768,
    1575.2609453626326,
    444.0549984571403,
    1565.685424949238,
    434.3145750507621,
    1555.9450015428597,
    424.7390546373674,
    1546.0425145749232,
    415.3312285775007,
    1535.9808507200132,
    406.09383934711457,
    1525.762943054378,
    397.0295797381111,
    1515.391770200909,
    388.14109207336594,
    1504.8703554608423,
    379.43096743646413,
    1494.2017659324347,
    370.901744916374,
    1483.3891116168757,
    362.55591086727634,
    1472.4355445116887,
    354.3958981837676,
    1461.3442576918937,
    346.4240855916464,
    1450.1184843791932,
    338.64279695449136,
    1438.761496999455,
    331.0543005962313,
    1427.2766062287683,
    323.6608086399058,
    1415.6671600283469,
    316.46447636280914,
    1403.9365426685665,
    309.467401568206,
    1392.0881737424138,
    302.6716239737991,
    1380.1255071686428,
    296.07912461713283,
    1368.0520301849217,
    289.6918252780998,
    1355.8712623312674,
    283.51158791872274,
    1343.5867544240657,
    277.5402141403739,
    1331.2020875209707,
    271.77944465859025,
    1318.7208718769932,
    266.23095879563766,
    1306.146745892072,
    260.8963739909706,
    1293.4833750504451,
    255.77724532973343,
    1280.7344508521255,
    250.87506508943682,
    1267.903689736789,
    246.19126230494362,
    1254.9948320003969,
    241.7272023518915,
    1242.0116407048606,
    237.48418654867135,
    1228.957900581073,
    233.4634517770811,
    1215.8374169256194,
    229.6661701217605,
    1202.6540144914961,
    226.09344852851882,
    1189.4115363731576,
    222.74632848164686,
    1176.1138428862125,
    219.62578570031508,
    1162.764810442107,
    216.73272985414178,
    1149.368330418109,
    214.06800429801388,
    1135.9283080229334,
    211.6323858262425,
    1122.4486611583343,
    209.42658444611777,
    1108.9333192769975,
    207.4512431709354,
    1095.3862222370649,
    205.70693783255217,
    1081.8113191536272,
    204.19417691352407,
    1068.2125672475167,
    202.91340139888007,
    1054.593930691737,
    201.8649846475687,
    1040.9593794558666,
    201.04923228362168,
    1027.3128881487742,
    200.46638210706078,
    1013.6584348599798,
    200.11660402457676,
    1000,
    200,
    986.3415651400202,
    200.11660402457676,
    972.6871118512257,
    200.46638210706078,
    959.0406205441334,
    201.04923228362168,
    945.4060693082632,
    201.8649846475687,
    931.7874327524831,
    202.91340139888007,
    918.1886808463727,
    204.19417691352407,
    904.613777762935,
    205.70693783255217,
    891.0666807230025,
    207.4512431709354,
    877.5513388416658,
    209.42658444611777,
    864.0716919770666,
    211.6323858262425,
    850.6316695818911,
    214.06800429801388,
    837.2351895578928,
    216.73272985414178,
    823.8861571137875,
    219.62578570031508,
    810.5884636268426,
    222.74632848164686,
    797.3459855085038,
    226.09344852851882,
    784.1625830743806,
    229.6661701217605,
    771.0420994189268,
    233.4634517770811,
    757.9883592951394,
    237.48418654867135,
    745.0051679996033,
    241.7272023518915,
    732.0963102632111,
    246.19126230494362,
    719.2655491478745,
    250.87506508943682,
    706.5166249495549,
    255.77724532973343,
    693.8532541079281,
    260.8963739909706,
    681.2791281230068,
    266.23095879563766,
    668.7979124790293,
    271.77944465859025,
    656.4132455759343,
    277.5402141403739,
    644.1287376687326,
    283.51158791872274,
    631.9479698150783,
    289.6918252780998,
    619.8744928313572,
    296.07912461713283,
    607.9118262575862,
    302.6716239737991,
    596.0634573314335,
    309.467401568206,
    584.3328399716531,
    316.46447636280914,
    572.7233937712317,
    323.6608086399058,
    561.238503000545,
    331.0543005962313,
    549.8815156208068,
    338.64279695449136,
    538.6557423081063,
    346.4240855916464,
    527.5644554883113,
    354.3958981837676,
    516.6108883831243,
    362.55591086727634,
    505.7982340675652,
    370.901744916374,
    495.1296445391577,
    379.43096743646413,
    484.60822979909096,
    388.14109207336594,
    474.23705694562204,
    397.0295797381111,
    464.0191492799868,
    406.09383934711457,
    453.9574854250767,
    415.3312285775007,
    444.0549984571403,
    424.7390546373674,
    434.31457505076196,
    434.3145750507621,
    424.7390546373674,
    444.0549984571403,
    415.3312285775007,
    453.9574854250768,
    406.09383934711457,
    464.0191492799868,
    397.029579738111,
    474.23705694562216,
    388.14109207336594,
    484.60822979909096,
    379.430967436464,
    495.1296445391578,
    370.901744916374,
    505.7982340675652,
    362.55591086727634,
    516.6108883831243,
    354.3958981837675,
    527.5644554883113,
    346.4240855916464,
    538.6557423081063,
    338.64279695449136,
    549.8815156208069,
    331.0543005962312,
    561.238503000545,
    323.66080863990567,
    572.7233937712319,
    316.46447636280914,
    584.3328399716531,
    309.4674015682058,
    596.0634573314337,
    302.671623973799,
    607.9118262575862,
    296.07912461713283,
    619.874492831357,
    289.6918252780998,
    631.9479698150783,
    283.51158791872274,
    644.1287376687326,
    277.5402141403738,
    656.4132455759345,
    271.77944465859025,
    668.7979124790293,
    266.23095879563755,
    681.2791281230068,
    260.8963739909706,
    693.8532541079283,
    255.77724532973343,
    706.5166249495549,
    250.87506508943682,
    719.2655491478746,
    246.19126230494362,
    732.0963102632111,
    241.72720235189138,
    745.0051679996034,
    237.48418654867135,
    757.9883592951394,
    233.463451777081,
    771.042099418927,
    229.6661701217605,
    784.1625830743806,
    226.09344852851882,
    797.3459855085036,
    222.74632848164686,
    810.5884636268427,
    219.62578570031508,
    823.8861571137875,
    216.73272985414167,
    837.2351895578929,
    214.06800429801388,
    850.631669581891,
    211.6323858262425,
    864.0716919770666,
    209.42658444611777,
    877.5513388416658,
    207.4512431709354,
    891.0666807230027,
    205.70693783255206,
    904.6137777629351,
    204.19417691352407,
    918.1886808463726,
    202.91340139888007,
    931.7874327524833,
    201.8649846475687,
    945.4060693082632,
    201.04923228362168,
    959.0406205441335,
    200.46638210706078,
    972.6871118512257,
    200.11660402457676,
    986.3415651400202,
    200,
    1000,
    200.11660402457676,
    1013.6584348599798,
    200.46638210706078,
    1027.3128881487744,
    201.04923228362168,
    1040.9593794558664,
    201.8649846475687,
    1054.593930691737,
    202.91340139888007,
    1068.2125672475167,
    204.19417691352407,
    1081.8113191536274,
    205.70693783255206,
    1095.3862222370649,
    207.4512431709354,
    1108.9333192769973,
    209.42658444611777,
    1122.4486611583343,
    211.6323858262425,
    1135.9283080229334,
    214.06800429801388,
    1149.368330418109,
    216.73272985414167,
    1162.764810442107,
    219.62578570031508,
    1176.1138428862125,
    222.74632848164686,
    1189.4115363731573,
    226.09344852851882,
    1202.6540144914964,
    229.6661701217605,
    1215.8374169256194,
    233.463451777081,
    1228.957900581073,
    237.48418654867135,
    1242.0116407048606,
    241.72720235189138,
    1254.9948320003966,
    246.19126230494362,
    1267.903689736789,
    250.87506508943682,
    1280.7344508521255,
    255.77724532973343,
    1293.4833750504451,
    260.8963739909706,
    1306.1467458920717,
    266.23095879563755,
    1318.7208718769932,
    271.77944465859025,
    1331.2020875209707,
    277.5402141403738,
    1343.5867544240655,
    283.51158791872274,
    1355.8712623312674,
    289.6918252780998,
    1368.0520301849217,
    296.07912461713283,
    1380.125507168643,
    302.671623973799,
    1392.0881737424138,
    309.4674015682058,
    1403.9365426685663,
    316.46447636280914,
    1415.6671600283469,
    323.66080863990567,
    1427.276606228768,
    331.0543005962312,
    1438.761496999455,
    338.64279695449136,
    1450.118484379193,
    346.4240855916464,
    1461.3442576918937,
    354.3958981837675,
    1472.4355445116887,
    362.55591086727634,
    1483.3891116168757,
    370.901744916374,
    1494.2017659324347,
    379.430967436464,
    1504.8703554608421,
    388.14109207336594,
    1515.391770200909,
    397.029579738111,
    1525.762943054378,
    406.09383934711457,
    1535.9808507200132,
    415.3312285775007,
    1546.0425145749232,
    424.7390546373674,
    1555.9450015428597,
    434.31457505076196,
    1565.685424949238,
    444.0549984571403,
    1575.2609453626326,
    453.9574854250767,
    1584.6687714224993,
    464.0191492799868,
    1593.9061606528853,
    474.23705694562204,
    1602.9704202618889,
    484.60822979909096,
    1611.858907926634,
    495.1296445391577,
    1620.569032563536,
    505.7982340675652,
    1629.098255083626,
    516.6108883831243,
    1637.4440891327235,
    527.5644554883113,
    1645.6041018162323,
    538.6557423081063,
    1653.5759144083536,
    549.8815156208068,
    1661.3572030455086,
    561.238503000545,
    1668.9456994037687,
    572.7233937712317,
    1676.3391913600942,
    584.3328399716531,
    1683.5355236371909,
    596.0634573314335,
    1690.532598431794,
    607.9118262575862,
    1697.3283760262009,
    619.8744928313572,
    1703.920875382867,
    631.9479698150783,
    1710.3081747219003,
    644.1287376687326,
    1716.4884120812771,
    656.4132455759343,
    1722.4597858596262,
    668.7979124790293,
    1728.2205553414096,
    681.2791281230068,
    1733.7690412043623,
    693.8532541079281,
    1739.1036260090295,
    706.5166249495549,
    1744.2227546702666,
    719.2655491478745,
    1749.1249349105633,
    732.0963102632111,
    1753.8087376950564,
    745.0051679996033,
    1758.2727976481085,
    757.9883592951394,
    1762.5158134513285,
    771.0420994189268,
    1766.536548222919,
    784.1625830743806,
    1770.3338298782396,
    797.3459855085038,
    1773.9065514714812,
    810.5884636268426,
    1777.2536715183533,
    823.8861571137875,
    1780.3742142996848,
    837.2351895578928,
    1783.2672701458582,
    850.6316695818911,
    1785.9319957019861,
    864.0716919770666,
    1788.3676141737574,
    877.5513388416658,
    1790.5734155538821,
    891.0666807230025,
    1792.5487568290646,
    904.613777762935,
    1794.2930621674477,
    918.1886808463727,
    1795.8058230864758,
    931.7874327524831,
    1797.08659860112,
    945.4060693082632,
    1798.1350153524313,
    959.0406205441334,
    1798.9507677163783,
    972.6871118512257,
    1799.5336178929392,
    986.3415651400202,
    1799.8833959754234,
    1000,
    1800,
    1013.6584348599798,
    1799.8833959754234,
    1027.3128881487742,
    1799.5336178929392,
    1040.9593794558666,
    1798.9507677163783,
    1054.593930691737,
    1798.1350153524313,
    1068.2125672475167,
    1797.08659860112,
    1081.8113191536272,
    1795.8058230864758,
    1095.3862222370649,
    1794.2930621674477,
    1108.9333192769975,
    1792.5487568290646,
    1122.4486611583343,
    1790.5734155538821,
    1135.9283080229334,
    1788.3676141737574,
    1149.368330418109,
    1785.9319957019861,
    1162.764810442107,
    1783.2672701458582,
    1176.1138428862125,
    1780.3742142996848,
    1189.4115363731576,
    1777.2536715183533,
    1202.6540144914961,
    1773.9065514714812,
    1215.8374169256194,
    1770.3338298782396,
    1228.957900581073,
    1766.536548222919,
    1242.0116407048606,
    1762.5158134513285,
    1254.9948320003969,
    1758.2727976481085,
    1267.903689736789,
    1753.8087376950564,
    1280.7344508521255,
    1749.1249349105633,
    1293.4833750504451,
    1744.2227546702666,
    1306.146745892072,
    1739.1036260090295,
    1318.7208718769932,
    1733.7690412043623,
    1331.2020875209707,
    1728.2205553414096,
    1343.5867544240657,
    1722.4597858596262,
    1355.8712623312674,
    1716.4884120812771,
    1368.0520301849217,
    1710.3081747219003,
    1380.1255071686428,
    1703.920875382867,
    1392.0881737424138,
    1697.3283760262009,
    1403.9365426685665,
    1690.532598431794,
    1415.6671600283469,
    1683.5355236371909,
    1427.2766062287683,
    1676.3391913600942,
    1438.761496999455,
    1668.9456994037687,
    1450.1184843791932,
    1661.3572030455086,
    1461.3442576918937,
    1653.5759144083536,
    1472.4355445116887,
    1645.6041018162323,
    1483.3891116168757,
    1637.4440891327235,
    1494.2017659324347,
    1629.098255083626,
    1504.8703554608423,
    1620.569032563536,
    1515.391770200909,
    1611.858907926634,
    1525.762943054378,
    1602.9704202618889,
    1535.9808507200132,
    1593.9061606528853,
    1546.0425145749232,
    1584.6687714224993,
    1555.9450015428597,
    1575.2609453626326,
    1565.685424949238,
    1565.685424949238,
    1575.2609453626326,
    1555.9450015428597,
    1584.6687714224993,
    1546.0425145749232,
    1593.9061606528853,
    1535.9808507200132,
    1602.970420261889,
    1525.762943054378,
    1611.858907926634,
    1515.391770200909,
    1620.569032563536,
    1504.8703554608421,
    1629.098255083626,
    1494.2017659324347,
    1637.4440891327235,
    1483.3891116168757,
    1645.6041018162325,
    1472.4355445116887,
    1653.5759144083536,
    1461.3442576918937,
    1661.3572030455086,
    1450.118484379193,
    1668.9456994037687,
    1438.761496999455,
    1676.3391913600944,
    1427.276606228768,
    1683.5355236371909,
    1415.6671600283469,
    1690.5325984317942,
    1403.9365426685663,
    1697.328376026201,
    1392.0881737424138,
    1703.920875382867,
    1380.125507168643,
    1710.3081747219003,
    1368.0520301849217,
    1716.4884120812771,
    1355.8712623312674,
    1722.4597858596262,
    1343.5867544240655,
    1728.2205553414096,
    1331.2020875209707,
    1733.7690412043626,
    1318.7208718769932,
    1739.1036260090295,
    1306.1467458920717,
    1744.2227546702666,
    1293.4833750504451,
    1749.1249349105633,
    1280.7344508521255,
    1753.8087376950564,
    1267.903689736789,
    1758.2727976481087,
    1254.9948320003966,
    1762.5158134513285,
    1242.0116407048606,
    1766.536548222919,
    1228.957900581073,
    1770.3338298782396,
    1215.8374169256194,
    1773.9065514714812,
    1202.6540144914964,
    1777.2536715183533,
    1189.4115363731573,
    1780.3742142996848,
    1176.1138428862125,
    1783.2672701458582,
    1162.764810442107,
    1785.9319957019861,
    1149.368330418109,
    1788.3676141737574,
    1135.9283080229334,
    1790.5734155538821,
    1122.4486611583343,
    1792.5487568290646,
    1108.9333192769973,
    1794.293062167448,
    1095.3862222370649,
    1795.8058230864758,
    1081.8113191536274,
    1797.08659860112,
    1068.2125672475167,
    1798.1350153524313,
    1054.593930691737,
    1798.9507677163783,
    1040.9593794558664,
    1799.5336178929392,
    1027.3128881487744,
    1799.8833959754234,
    1013.6584348599798,
    1800,
    1000
]